30100001,
30100002,
30100003,
30100004,
30100005,
30100006,
30100007,
30100008,
30100009,
30100010,
30100011,
30100012,
30100013,
30100014,
30100015,
30100016,
30100017,
30100018,
30100019,
30100020,
30100025,
30100026,
30100027,
30100028,
30100029,
30100030,
30100031,
30100032,
30100033,
30100034,
30100035,
30100036,
30200001,
30200002,
30200003,
30200004,
30200005,
30200006,
30200007,
30200008,
30200009,
30200010,
30200011,
30200012,
30200013,
30200014,
30200015,
30200016,
30200017,
30200018,
30200019,
30200020,
30200021,
30200022,
30200023,
30200024,
30300001,
30300002,
30300003,
30300004,
30300005,
30300006,
30300007,
30300008,
30300009,
30300010,
30300011,
30300012,
30300013,
30300014,
30300015,
30300016,
30300017,
30300018,
30400001,
30400002,
30400003,
30400004,
30400005,
30400006,
30400007,
30400008,
30400009,
30400010,
30500001,
30500002,
30500003,
30500004,
30600001,
30600002,
30600003,
30600004,
30600005,
30600006,
30700001,
30700002,
30700003,
30700004,
30700005,
30700006,
30700007,
30700008,
30700009,
30700010,
30700011,
30700012,
30700013,
30700014,
30700015,
30700016,
30700017,
30700018,
30700019,
30700020,
30700021,
30800016,
30800017,
30800019,
30800020,
30800021,
30800022,
30800023,
30800024,
30800025,
30900001,
30900002,
30900003,
30900004,
30900005,
30900006,
30900007,
30900008,
30900009,
30900010,
30900011,
30900012,
30900013,
30900014,
30900015,
30900016,
30900017,
30900018,
30900019,
30900020,
30900021,
30900022,
30900023,
30900024,
30900025,
30900026,
30900027,
30900028,
30900029,
31000001,
31000002,
31000004,
31000005,
31000008,
31000009,
31000011,
31000013,
31000015,
31000026,
31000027,
31000028,
31000029,
31000030,
31100001,
31100002,
31200001,
31200002,
31200003,
31200004,
31200005,
31200006,
31200007,
31200008,
31200009,
31200010,
31200011,
31200013,
31200014,
31200015,
31200016,
31200017,
31200019,
31200020,
31200021,
31200022,
31200023,
31200025,
31200026,
31200027,
31200028,
31200029,
31200030,
31200033,
31200034,
31200036,
31200037,
31200038,
31200040,
31300001,
31300002,
31300003,
31300004,
31300005,
31300006,
31300007,
31300009,
31300010,
31300011,
31300012,
31300013,
31300014,
31300015,
32000001,
32000002,
32000003,
32000004,
32000005,
32000006,
32000007,
32000008,
32000009,
32000010,
32000011,
39000001

